计算值：

gyr_n: 0.025157

gyr_w: 0.000025

acc_n: 0.034853

acc_w: 0.000036

实际值：

gyr_n: 0.025

gyr_w: 2e-5

acc_n: 0.035

acc_w: 3e-5

由上数值可知：此方法还是很接近设定值的，
