计算值：

gyr_n: 3.4523863531840054e-01

gyr_w: 9.5373403013304658e-04

acc_n: 4.9340637271094612e-01

acc_w: 1.3142314261890104e-03

实际值：

gyr_n: 0.025

gyr_w: 2e-5

acc_n: 0.035

acc_w: 3e-5

好吧大概趋势是对的，但是结果很不准
