%YAML:1.0
---
type: IMU
name: szm
Gyr:
   unit: " rad/s"
   avg-axis:
      gyr_n: 3.4523863531840054e-01
      gyr_w: 9.5373403013304658e-04
   x-axis:
      gyr_n: 3.4910522567784952e-01
      gyr_w: 1.0869725547043465e-03
   y-axis:
      gyr_n: 3.2987603309282465e-01
      gyr_w: 6.7199248758639070e-04
   z-axis:
      gyr_n: 3.5673464718452763e-01
      gyr_w: 1.1022370481084023e-03
Acc:
   unit: " m/s^2"
   avg-axis:
      acc_n: 4.9340637271094612e-01
      acc_w: 1.3142314261890104e-03
   x-axis:
      acc_n: 4.9479318364732533e-01
      acc_w: 1.4888199837600159e-03
   y-axis:
      acc_n: 4.8798540102611310e-01
      acc_w: 1.3153978771284732e-03
   z-axis:
      acc_n: 4.9744053345939987e-01
      acc_w: 1.1384764176785422e-03
